0 288.0 512.0 256.0 256.0 0.0 0.0 0.9999468028256719 -0.0036315443817238227 -0.009654191013252765 -0.007561998639735279 0.003632167464912232 0.9999934025531295 4.700767398143576e-05 -0.0020197184451173915 0.009653956609786133 -8.207081180439296e-05 0.9999533961071176 -0.001804649508564182 
1 288.0 512.0 256.0 256.0 0.0 0.0 0.9999652996517838 -0.003910313695567325 -0.007355877861968553 -0.3129558130179728 0.003917124434586639 0.9999919124264545 0.000911711492884785 0.001447791281824825 0.007352253292828311 -0.0009404937450895189 0.9999725295442038 0.2325221128165015 
2 288.0 512.0 256.0 256.0 0.0 0.0 0.9999784268532058 -0.004191056574817154 -0.00505775374790049 -0.6183496273962104 0.004200091594765568 0.9999896005677946 0.0017770725528741924 0.004915301008767041 0.005050253338526611 -0.0017982772448321385 0.999985630466842 0.4668488751415672 
3 288.0 512.0 256.0 256.0 0.0 0.0 0.9999861842357357 -0.0044737704726411755 -0.00275983974377924 -0.923743441774448 0.00448106632371697 0.9999864669870452 0.0026430829290010546 0.008382810735709258 0.002747977848467704 -0.002655413437725106 0.9999926986719548 0.7011756374666329 
4 288.0 512.0 256.0 256.0 0.0 0.0 0.9999885717036345 -0.004758452806041209 -0.00046215691875963936 -1.2291372561526854 0.0047600460362188166 0.9999825117091692 0.003509734684313606 0.011850320462651474 0.000445447929567969 -0.0035118944622347264 0.9999937340670831 0.9355023997916986 
5 288.0 512.0 256.0 256.0 0.0 0.0 0.9999855892596299 -0.005045100955924442 0.0018352736622425508 -1.5345310705309232 0.005037028183631128 0.9999777347741968 0.004377019870099293 0.015317830189593694 -0.0018573153065908326 -0.00436771246884094 0.9999887366703893 1.1698291621167642 
6 288.0 512.0 256.0 256.0 0.0 0.0 0.9999772370049148 -0.005333712267194406 0.004132430939202617 -1.8399248849091607 0.005312010253984201 0.9999721362372241 0.005244930526138279 0.018785339916535908 -0.004160290744415086 -0.005222859620287564 0.9999777066106568 1.40415592444183 
7 288.0 512.0 256.0 256.0 0.0 0.0 0.9999691887357125 -0.0055056231547002035 0.005595506493548017 -2.037745632982402 0.005474735688090324 0.9999697754627279 0.005520455612263195 0.029022110161614663 -0.005625730920196878 -0.0054896516009531075 0.9999691069612668 1.5844022264331268 
8 288.0 512.0 256.0 256.0 0.0 0.0 0.9999589683513758 -0.005677924431832392 0.007058525894156451 -2.2355663810556434 0.005637057376536249 0.9999673131822515 0.005796218698635962 0.03925888040669341 -0.00709120566516827 -0.005756191554767764 0.9999582896606233 1.7646485284244235 
9 288.0 512.0 256.0 256.0 0.0 0.0 0.9999465758753573 -0.005850615520146506 0.008521484212474208 -2.4333871291288847 0.0057989747704817185 0.9999647494035765 0.006072218857525466 0.049495650651772166 -0.00855671004296294 -0.006022478582593069 0.9999452547339592 1.94489483041572 
10 288.0 512.0 256.0 256.0 0.0 0.0 0.9999320113457434 -0.006023695838579952 0.009984376520345237 -2.631207877202126 0.005960487323818409 0.9999620841351681 0.006348455159609745 0.05973242089685092 -0.01002223911700109 -0.006288511787000968 0.9999300022214486 2.1251411324070166 
11 288.0 512.0 256.0 256.0 0.0 0.0 0.9999152748152538 -0.0061971648034478445 0.011447197890058188 -2.829028625275367 0.006121594493165435 0.9999593173861753 0.006624926673975902 0.06996919114192968 -0.011487787950536519 -0.0065542902722734225 0.9999125321782051 2.3053874343983134 
12 288.0 512.0 256.0 256.0 0.0 0.0 0.9998963663512404 -0.0063710218284623275 0.012909943394427578 -3.026849373348609 0.006282295737888026 0.9999564491664307 0.006901632468144384 0.08020596138700843 -0.012953351606737988 -0.006819813144426123 0.9998928446742817 2.48563373638961 
13 288.0 512.0 256.0 256.0 0.0 0.0 0.9998932141244637 -0.0066764690814473055 0.012999427235588347 -3.148328038020197 0.006585217371984417 0.9999534660598447 0.007049867166592698 0.08049174568918542 -0.01304589054118547 -0.006963510286297083 0.9998906511536547 2.555853764436919 
14 288.0 512.0 256.0 256.0 0.0 0.0 0.9998899610795748 -0.006981928609318354 0.013088865694942869 -3.269806702691785 0.006888124710205408 0.9999503691080136 0.0071981288349041665 0.08077752999136241 -0.013138472904509414 -0.007107179021356014 0.999888428043897 2.6260737924842283 
15 288.0 512.0 256.0 256.0 0.0 0.0 0.9998866072171422 -0.007287400356103663 0.013178258756067063 -3.3912853673633734 0.007191017697039649 0.9999471583114735 0.0073464174459097606 0.08106331429353938 -0.01323109867973407 -0.0072508193232602965 0.999886175345408 2.6962938205315368 
16 288.0 512.0 256.0 256.0 0.0 0.0 0.9998831525377709 -0.007592884265839679 0.013267606402579303 -3.512764032034961 0.0074938962769935955 0.9999438336708023 0.0074947329724443824 0.08134909859571637 -0.013323767849893685 -0.007394431165691362 0.9998838930585978 2.766513848578846 
17 288.0 512.0 256.0 256.0 0.0 0.0 0.9998795970421034 -0.007898380282558399 0.013356908618114616 -3.6342426967065498 0.007796760394578996 0.9999403951866195 0.00764307538733308 0.08163488289789338 -0.013416480398006633 -0.007538014522341081 0.9998815811838871 2.836733876626155 
18 288.0 512.0 256.0 256.0 0.0 0.0 0.9998759407308182 -0.008203888350303796 0.013446165386351556 -3.7557213613781375 0.008099609994329097 0.9999368428595862 0.007791444663406629 0.08192066720007035 -0.01350923630710238 -0.00768156936692712 0.9998792397217076 2.906953904673464 
19 288.0 512.0 256.0 256.0 0.0 0.0 0.99987736680487 -0.008047567149895676 0.013434582774569376 -3.8885192918634193 0.00794464753733694 0.9999388200573481 0.007696669268302623 0.08936810566943512 -0.013495700310333003 -0.007588992376203045 0.9998801294494492 2.961715096438863 
20 288.0 512.0 256.0 256.0 0.0 0.0 0.9998787684954796 -0.007891246822440754 0.013422985344172376 -4.021317222348701 0.007789683600384181 0.9999407642519187 0.007601895598765608 0.09681554413879989 -0.013482178658082433 -0.007496413200721056 0.9998810102445966 3.016476288204263 
21 288.0 512.0 256.0 256.0 0.0 0.0 0.9998801458025756 -0.007734927375698832 0.013411373095709474 -4.154115152833983 0.007634718191163183 0.9999426754431988 0.0075071236594946465 0.10426298260816465 -0.013468671350997363 -0.0074038318450709755 0.9998818821071058 3.0712374799696622 
22 288.0 512.0 256.0 256.0 0.0 0.0 0.9998814987260889 -0.0075786088174460585 0.013399746029757959 -4.286913083319265 0.007479751317382676 0.9999445536310926 0.007412353455204218 0.1117104210775294 -0.013455178389750076 -0.00731124831385822 0.9998827450369331 3.1259986717350614 
23 288.0 512.0 256.0 256.0 0.0 0.0 0.9998828272659527 -0.007422291155458473 0.013388104146896585 -4.419711013804546 0.007324782986751522 0.9999463988155075 0.007317584990608621 0.11915785954689417 -0.01344169977501142 -0.0072186626116884055 0.9998835990340359 3.180759863500461 
24 288.0 512.0 256.0 256.0 0.0 0.0 0.9998841314221026 -0.007265974397526561 0.013376447447732328 -4.552508944289828 0.007169813206993066 0.9999482109963541 0.007222818270436428 0.12660529801625894 -0.013428235507477668 -0.007126074743181621 0.999884444098372 3.23552105526586 
25 288.0 512.0 256.0 256.0 0.0 0.0 0.9999008230140181 -0.007750122174855811 0.01175924071374572 -4.70547371468298 0.007664510664538577 0.9999439223147599 0.0073080436538262485 0.1332525353269558 -0.011815219513922757 -0.007217190038225676 0.9999041517844546 3.247135166451886 
26 288.0 512.0 256.0 256.0 0.0 0.0 0.9999146663286895 -0.00823412147736797 0.010141957615819342 -4.858438485076131 0.008159344537415876 0.9999393864125004 0.007392468986186182 0.13989977263765266 -0.01020221336303403 -0.007309086433196037 0.9999212429476668 3.2587492776379117 
27 288.0 512.0 256.0 256.0 0.0 0.0 0.9999256612885014 -0.008717970230421082 0.008524605082612319 -5.011403255469283 0.008654312706393866 0.9999346033074206 0.007476093900643577 0.14654700994834952 -0.008589223965700143 -0.00740176353937237 0.999935717497967 3.270363388823937 
28 288.0 512.0 256.0 256.0 0.0 0.0 0.9999338078402442 -0.009201666360665916 0.006907190043445079 -5.164368025862434 0.009149413051092918 0.9999295730194838 0.007558918037196829 0.15319424725904635 -0.00697625823273251 -0.007495220961356527 0.9999475753677342 3.2819775000099627 
29 288.0 512.0 256.0 256.0 0.0 0.0 0.9999391059551167 -0.009685207796061036 0.00528971942817366 -5.3173327962555845 0.009644643450000793 0.9999242955707717 0.00764094104270611 0.1598414845697432 -0.005363323074739778 -0.007589458297063925 0.9999568165117696 3.293591611195988 
30 288.0 512.0 256.0 256.0 0.0 0.0 0.9999415556287251 -0.010168592465922758 0.0036722001670980763 -5.470297566648736 0.010140001780523251 0.9999187709854833 0.00772216257091383 0.16648872188044006 -0.00375042540203662 -0.007684475137744678 0.9999634409072969 3.3052057223820137 
31 288.0 512.0 256.0 256.0 0.0 0.0 0.999942553320676 -0.010440588452762304 0.002425731082944888 -5.582907250188388 0.010421115824265383 0.9999144434545002 0.007906080954179374 0.15749721543933085 -0.0025080676832900935 -0.00788034795150815 0.9999658042716556 3.316914008257469 
32 288.0 512.0 256.0 256.0 0.0 0.0 0.9999419259389275 -0.010712339719090962 0.0011792062122106455 -5.695516933728041 0.010702457816449282 0.9999100034398981 0.008089648787783567 0.14850570899822163 -0.0012657591537309388 -0.008076558584282705 0.9999665829692507 3.3286222941329235 
33 288.0 512.0 256.0 256.0 0.0 0.0 0.999939673478969 -0.010983845586827934 -6.737133924836925e-05 -5.808126617267693 0.01098402705686286 0.9999054509523204 0.008272865612989122 0.1395142025571124 -2.3502909101430494e-05 -0.008273106548400896 0.9999657769922189 3.3403305800083785 
34 288.0 512.0 256.0 256.0 0.0 0.0 0.9999357959443884 -0.01125510537913349 -0.0013139984652956688 -5.920736300807345 0.011265822844179499 0.9999007860029706 0.008455730972821958 0.13052269611600317 0.0012186979550989315 -0.008469991354527915 0.9999633863405941 3.3520388658838334 
35 288.0 512.0 256.0 256.0 0.0 0.0 0.9999302933468723 -0.011526118420394207 -0.002560672059547709 -6.033345984346998 0.011547844475943553 0.999896008603613 0.008638244412059518 0.12153118967489396 0.0024608403436466417 -0.008667212511650264 0.9999594110223079 3.3637471517592887 
36 288.0 512.0 256.0 256.0 0.0 0.0 0.999923165706206 -0.011796884036252212 -0.0038073890154073065 -6.14595566788665 0.011830091248599869 0.9998911187665719 0.008820405477252246 0.11253968323378474 0.0037029211616272993 -0.008864769527097608 0.9999538510531885 3.375455437634743 
37 288.0 512.0 256.0 256.0 0.0 0.0 0.999918850270068 -0.011579695526721898 -0.005310699209469488 -6.251353153856304 0.011624050345265735 0.9998971674173855 0.008398573941993157 0.11664757759438255 0.005212900167447154 -0.008459624234965508 0.9999506289960756 3.3478616012615925 
38 288.0 512.0 256.0 256.0 0.0 0.0 0.9999122200238789 -0.011363115314529373 -0.006814092548997044 -6.356750639825956 0.011417371672182422 0.9999030004428058 0.007977050179931467 0.12075547195498035 0.006722787443972579 -0.008054148981897857 0.9999449658922036 3.3202677648884413 
39 288.0 512.0 256.0 256.0 0.0 0.0 0.9999032749794148 -0.011147144210647268 -0.008317563428528012 -6.462148125795608 0.011210055996431618 0.9999086178198763 0.0075558357645673984 0.12486336631557814 0.008232577360548825 -0.007648345277985388 0.9999368617490362 3.29267392851529 
40 288.0 512.0 256.0 256.0 0.0 0.0 0.9998920151657142 -0.010931783021533293 -0.009821106242001906 -6.5675456117652615 0.011002104089873035 0.9999140195272486 0.007134932267119623 0.12897126067617593 0.00974226428722663 -0.00724221463579354 0.9999263165922411 3.2650800921421395 
41 288.0 512.0 256.0 256.0 0.0 0.0 0.9998784406290793 -0.010717032549096618 -0.011324715382821777 -6.672943097734914 0.010793516729111186 0.9999192055451828 0.006714341256488082 0.13307915503677373 0.011251842594824792 -0.006835758570325948 0.9999133304656905 3.2374862557689887 
42 288.0 512.0 256.0 256.0 0.0 0.0 0.9998625514330732 -0.010502893590708919 -0.012828385243949565 -6.7783405837045665 0.010584294695506884 0.9999241758555474 0.006294064299247094 0.13718704939737153 0.012761306655025662 -0.006428978599018473 0.9998979034314602 3.2098924193958376 
43 288.0 512.0 256.0 256.0 0.0 0.0 0.9998412331031948 -0.010664238712448398 -0.01427524428394 -6.8689916746627295 0.010750632829232346 0.999924274857652 0.005989026980189974 0.1381122639445992 0.014210294875662378 -0.0061415440308059885 0.9998801672982938 3.1693469302618418 
44 288.0 512.0 256.0 256.0 0.0 0.0 0.9998177911947518 -0.010825999653180336 -0.015722027285191235 -6.959642765620893 0.01091652881485266 0.9999242593348681 0.005683748081136429 0.13903747849182688 0.015659304233632158 -0.005854342416076265 0.9998602466673997 3.1288014411278455 
45 288.0 512.0 256.0 256.0 0.0 0.0 0.9997922257749426 -0.0109881758783349 -0.017168729447810976 -7.050293856579055 0.01108198209981116 0.999924129286677 0.005378228613589285 0.13996269303905454 0.017108329922140786 -0.005567374708724436 0.9998381415939918 3.0882559519938497 
46 288.0 512.0 256.0 256.0 0.0 0.0 0.9997645369250544 -0.011150766850605613 -0.018615345972447666 -7.140944947537218 0.011246992134507094 0.9999238847133205 0.005072469590664529 0.14088790758628222 0.018557367134289928 -0.005280641861110807 0.9998138521477771 3.047710462859854 
47 288.0 512.0 256.0 256.0 0.0 0.0 0.9997347247404629 -0.011313772029934268 -0.020061872060317978 -7.23159603849538 0.011411558372280537 0.9999235256157998 0.004766472027067524 0.14181312213350988 0.020006411063104846 -0.004994144824037466 0.9997873784129553 3.0071649737258577 
48 288.0 512.0 256.0 256.0 0.0 0.0 0.99970278933063 -0.011477190873539884 -0.021508302913302794 -7.322247129453543 0.011575680269441571 0.9999230519958757 0.0044602369390907065 0.14273833668073754 0.02145545690163036 -0.004707884546747182 0.999758720488217 2.966619484591862 
49 288.0 512.0 256.0 256.0 0.0 0.0 0.9996546705190457 -0.011678049311775691 -0.023540664258439377 -7.415327571731327 0.011792781555075446 0.9999192239800299 0.004740866837286189 0.1444948519138294 0.023483398660566625 -0.005016839587463695 0.99971163907794 2.98016578474825 
50 288.0 512.0 256.0 256.0 0.0 0.0 0.9996023851923498 -0.011878279592242844 -0.025572993404999775 -7.5084080140091105 0.012010452045653895 0.9999152654313863 0.005021055560233349 0.14625136714692127 0.02551118498664268 -0.005326202325147749 0.999660347822883 2.993712084904638 
51 288.0 512.0 256.0 256.0 0.0 0.0 0.9995459336443435 -0.012077880431027095 -0.02760527738222442 -7.601488456286894 0.01222869035742077 0.9999111763739594 0.0053008013155238995 0.1480078823800131 0.02753880293691181 -0.005635970789327104 0.9996048470100883 3.007258385061026 
52 288.0 512.0 256.0 256.0 0.0 0.0 0.9994853162220083 -0.01227685055226047 -0.02963750321986292 -7.694568898564677 0.012447495099383582 0.9999069568334291 0.0055801023163972886 0.14976439761310498 0.029566239570509214 -0.005946143004343447 0.9995451369803313 3.0208046852174135 
53 288.0 512.0 256.0 256.0 0.0 0.0 0.9994205333254987 -0.01247518868812548 -0.03166965794840699 -7.787649340842462 0.012666864873319915 0.9999026068371409 0.005858956781769826 0.15152091284619684 0.03159348194888443 -0.006256716989384976 0.9994812181281137 3.034350985373802 
54 288.0 512.0 256.0 256.0 0.0 0.0 0.9993515854081324 -0.012672893578907416 -0.033701728599433704 -7.880729783120246 0.012886798273832972 0.9998981264141051 0.006137362936284805 0.15327742807928868 0.03362051713614376 -0.0065676907585417 0.9994130909016543 3.0478972855301896 
55 288.0 512.0 256.0 256.0 0.0 0.0 0.9993421428882738 -0.01230005703749004 -0.03411729831544195 -8.02107760248628 0.012509923016092479 0.9999040767585308 0.005944670537650124 0.15536310547567203 0.03404090588691502 -0.006367564569304147 0.999400155517224 3.0929849614003597 
56 288.0 512.0 256.0 256.0 0.0 0.0 0.9993323851137504 -0.01192730189106216 -0.03453293402622414 -8.161425421852313 0.012132964853196128 0.9999098479920571 0.005752134592652805 0.15744878287205533 0.03446121336707678 -0.006167281256789788 0.9993870068272681 3.13807263727053 
57 288.0 512.0 256.0 256.0 0.0 0.0 0.9993223120894936 -0.011554628337579611 -0.03494863551108149 -8.301773241218346 0.011755923985200083 0.9999154401114774 0.005559755203633178 0.15953446026843865 0.03488143935333261 -0.005966840927201853 0.9993736448385993 3.1831603131407 
58 288.0 512.0 256.0 256.0 0.0 0.0 0.9993119238207678 -0.011182036574937056 -0.035364402549312474 -8.442121060584379 0.011378800612274243 0.999920853113775 0.005367532472777662 0.16162013766482197 0.0353015836225396 -0.005766243686923515 0.9993600695582555 3.22824798901087 
59 288.0 512.0 256.0 256.0 0.0 0.0 0.9993012203131727 -0.010809526800942316 -0.03578023492014608 -8.582468879950413 0.011001594934676121 0.9999260869961232 0.0051754665021063245 0.1637058150612053 0.03572164595164169 -0.005565489642504578 0.9993462809935013 3.2733356648810403 
60 288.0 512.0 256.0 256.0 0.0 0.0 0.9992902015726407 -0.010437099213336874 -0.036196132402814385 -8.722816699316446 0.01062430715277174 0.9999311417558858 0.004983557393482664 0.16579149245758865 0.03614162611774227 -0.005364578900672009 0.9993322791518263 3.31842334075121 
61 288.0 512.0 256.0 256.0 0.0 0.0 0.9992526747200348 -0.010338046834262038 -0.03724536014735254 -8.882500219702191 0.010517877521842259 0.9999339407068975 0.004635566287963904 0.18004712939068557 0.03719497704380145 -0.0050238441483774895 0.99929539910513 3.339086897681006 
62 288.0 512.0 256.0 256.0 0.0 0.0 0.9992140314419975 -0.010239352039900302 -0.038294582374413015 -9.042183740087934 0.010411080905754874 0.9999366105618256 0.004287686147747992 0.19430276632378252 0.03824825177444769 -0.004683004156602179 0.9992572945484385 3.359750454610802 
63 288.0 512.0 256.0 256.0 0.0 0.0 0.9991742718070576 -0.01014101501417189 -0.03934379713900439 -9.201867260473676 0.01030391750143282 0.9999391513153623 0.003939917617985828 0.2085584032568794 0.03930144835698114 -0.004342059556845 0.9992179655489813 3.380414011540597 
64 288.0 512.0 256.0 256.0 0.0 0.0 0.9991333958878815 -0.010043035939691967 -0.04039300249623037 -9.361550780859421 0.010196387507180838 0.9999415629626782 0.0035922613434260825 0.22281404018997636 0.04035456483905909 -0.00400101098100497 0.9991774121785264 3.4010775684703933 
65 288.0 512.0 256.0 256.0 0.0 0.0 0.9990914037612737 -0.00994541499774868 -0.041442196501229635 -9.521234301245164 0.010088491122662765 0.9999438454994226 0.003244717968401278 0.23706967712307328 0.041407599268635804 -0.003659859061366592 0.9991356345133805 3.4217411254001884 
66 288.0 512.0 256.0 256.0 0.0 0.0 0.999048295508175 -0.009848152368321707 -0.04249137720927271 -9.680917821630908 0.009980228548920212 0.9999459989217235 0.002897288136829572 0.2513253140561702 0.04246054969405952 -0.0033186044306025616 0.9990926326343876 3.4424046823299843 
67 288.0 512.0 256.0 256.0 0.0 0.0 0.9989766429254662 -0.0099249954169058 -0.044126651304353524 -9.875362018128978 0.010061578988738495 0.9999452502013081 0.0028742352194283966 0.26144978886523396 0.04409570860769766 -0.0033152776380908754 0.9990218102807182 3.3319130294323878 
68 288.0 512.0 256.0 256.0 0.0 0.0 0.9989023074766318 -0.010001843951670114 -0.04576180979181921 -10.06980621462705 0.010142891743690485 0.999944495092631 0.0028510491084880168 0.2715742636742977 0.04573075403852396 -0.0033120766159125733 0.9989483111170238 3.221421376534791 
69 288.0 512.0 256.0 256.0 0.0 0.0 0.9988252894449113 -0.010078697663055584 -0.047396846083901295 -10.26425041112512 0.010224166485972564 0.9999437335986954 0.0028277298965995014 0.28169873848336147 0.04736567939923829 -0.0033090013777158124 0.9988721354232114 3.110929723637194 
70 288.0 512.0 256.0 256.0 0.0 0.0 0.9987455891351569 -0.010155556241479456 -0.04903175359386539 -10.45869460762319 0.010305402888105561 0.9999429657225564 0.002804277677432564 0.29182321329242517 0.04900047810355742 -0.0033060519361420597 0.9987932835007519 3.0004380707395977 
71 288.0 512.0 256.0 256.0 0.0 0.0 0.9986632068738305 -0.010232419377319788 -0.050666525736014704 -10.653138804121262 0.01038660062291921 0.9999421914673197 0.002780692545728517 0.3019476881014889 0.05063514356621856 -0.003303228302819284 0.9987117556726779 2.889946417842001 
72 288.0 512.0 256.0 256.0 0.0 0.0 0.9985781430089972 -0.010309286760940181 -0.05230115592588294 -10.847583000619332 0.010467759363577455 0.999941410836143 0.0027569745973045003 0.3120721629105527 0.052269669203172255 -0.003300530488368392 0.998627552283576 2.779454764944404 
