0 288.0 512.0 256.0 256.0 0.0 0.0 0.9999776459250079 -0.0007477149397566807 -0.006644439227530171 0.0034789608386525117 0.0007647230276896434 0.9999964369958593 0.002557575859535213 -0.00241523787778064 0.006642503215685955 -0.002562599842976028 0.9999746547953475 0.0071820984834261034 
1 288.0 512.0 256.0 256.0 0.0 0.0 0.9999861043973749 -0.0005029360307874382 -0.005247672580431187 -0.00789636734765263 0.0005182980473233836 0.9999955836278237 0.002926446989503065 -0.0049863624332440026 0.0052461775891227995 -0.0029291261832100307 0.9999819487573294 0.007724818737425631 
2 288.0 512.0 256.0 256.0 0.0 0.0 0.9999925521773749 -0.0002586687857201868 -0.003850802544848988 -0.019271695533957772 0.0002713576870824279 0.9999945347409384 0.003294973939183662 -0.007557486988707365 0.003849929192307655 -0.0032959943436741915 0.9999871571507809 0.008267538991425159 
3 288.0 512.0 256.0 256.0 0.0 0.0 0.9999969892345448 -1.4913993299529364e-05 -0.0024538336166775444 -0.030647023720262914 2.390273935692598e-05 0.9999932903376355 0.003663155520652993 -0.010128611544170727 0.0024537625200055876 -0.0036632031450962595 0.9999902799488669 0.008810259245424685 
4 288.0 512.0 256.0 256.0 0.0 0.0 0.9999994155513661 0.00022832756102413238 -0.0010567702924800563 -0.042022351906568056 -0.00022406600014521677 0.9999918504216061 0.004030990548210474 -0.012699736099634089 0.0010576820664880994 -0.004030751406011046 0.9999913171381786 0.009352979499424211 
5 288.0 512.0 256.0 256.0 0.0 0.0 0.9999998311232647 0.0004710550951045298 0.0003403829305725659 -0.0533976800928732 -0.0004725477324083975 0.9999902149977997 0.004398477838386585 -0.015270860655097451 -0.00033830767452836083 -0.004398637942768 0.999990268718734 0.00989569975342374 
6 288.0 512.0 256.0 256.0 0.0 0.0 0.9999982359586116 0.0007132678301093363 0.0017376215547534389 -0.06477300827917834 -0.0007215416551193406 0.9999883840724247 0.004765616209965066 -0.017841985210560813 -0.0017342022099340899 -0.004766861569553418 0.9999871347039779 0.010438420007423265 
7 288.0 512.0 256.0 256.0 0.0 0.0 0.999976818985308 0.001344250326910477 0.00667491446260782 -0.10275450568091604 -0.0013862303562294223 0.9999792658170399 0.006288585008837693 -0.0076293119821811564 -0.006666322631256156 -0.00629769220210953 0.9999579487235968 -0.06291509627223596 
8 288.0 512.0 256.0 256.0 0.0 0.0 0.9999306292794814 0.0019676823199613665 0.011613132868771902 -0.14073600308265374 -0.002058439550581324 0.9999673962663117 0.0078082796434017126 0.0025833612461984984 -0.011597390023476895 -0.007831642909420122 0.999902078162648 -0.13626861255189518 
9 288.0 512.0 256.0 256.0 0.0 0.0 0.9998596672083051 0.002583538000803084 0.01655207604789215 -0.17871750048439144 -0.002738142365647886 0.9999527757350453 0.009324638125076121 0.012796034474578158 -0.01652720383132739 -0.00936865151324273 0.9998195236653166 -0.2096221288315544 
10 288.0 512.0 256.0 256.0 0.0 0.0 0.9997639351533855 0.003191792175661638 0.02149154320480058 -0.21669899788612912 -0.003425311318088205 0.9999354047617635 0.010837598733214734 0.023008707702957813 -0.02145556359060749 -0.010908655583314835 0.9997102880456782 -0.2829756451112136 
11 288.0 512.0 256.0 256.0 0.0 0.0 0.9996434375105073 0.003792420268881767 0.0264313335017218 -0.25468049528786685 -0.004119918317450184 0.9999152841086427 0.012347100023470474 0.033221380931337474 -0.026382268955353425 -0.012451592445796677 0.9995743762873923 -0.35632916139087284 
12 288.0 512.0 256.0 256.0 0.0 0.0 0.9994981806889695 0.004385398326245282 0.031371246085554916 -0.2926619926896045 -0.004821934670007594 0.999892414761401 0.013853080836140695 0.04343405415971713 -0.03130711972504751 -0.01399739919180113 0.9994117955429518 -0.4296826776705321 
13 288.0 512.0 256.0 256.0 0.0 0.0 0.9993876809681371 0.004673042352902051 0.0346760119433382 -0.34237267015752393 -0.005175119232207911 0.9998828720286418 0.014403484463375112 0.04673750147947392 -0.03460464231947762 -0.01457411743201763 0.9992948082678184 -0.5681739626428992 
14 288.0 512.0 256.0 256.0 0.0 0.0 0.9992661732178109 0.004958780365044777 0.0379805945177321 -0.3920833476254434 -0.005530121450891448 0.9998729089018394 0.01495271884680721 0.05004094879923071 -0.03790162027364431 -0.015151783441711397 0.9991665980401689 -0.7066652476152663 
15 288.0 512.0 256.0 256.0 0.0 0.0 0.9991336592227859 0.005242607456879933 0.041284937630274146 -0.44179402509336285 -0.0058869353378064 0.9998625255396356 0.015500774620305562 0.053344396118987496 -0.041197997529140246 -0.01573038742542884 0.9990271667532525 -0.8451565325876333 
16 288.0 512.0 256.0 256.0 0.0 0.0 0.9989901411420803 0.005524518787477856 0.044588985109432426 -0.4915047025612822 -0.006245554842982932 0.9998517221149619 0.016047642457623825 0.05664784343874428 -0.044493718046772344 -0.0163099195556337 0.9988765166818462 -0.9836478175600004 
17 288.0 512.0 256.0 256.0 0.0 0.0 0.9988356215088192 0.005804509581039181 0.04789268079372572 -0.5412153800292017 -0.006605973855065438 0.9998404988150311 0.016593313072902016 0.05995129075850107 -0.047788725809674734 -0.01689036997323544 0.9987146504821334 -1.1221391025323675 
18 288.0 512.0 256.0 256.0 0.0 0.0 0.9986701032300831 0.006082575127176687 0.051195968535007866 -0.5909260574971211 -0.006968186201673638 0.9998288558413256 0.017137777221226363 0.06325473807825786 -0.051082964826584504 -0.017471728788183257 0.9985415711915444 -1.2606303875047347 
19 288.0 512.0 256.0 256.0 0.0 0.0 0.9984642782103391 0.00663223130966201 0.05500089677228508 -0.6456118438761094 -0.007596578915130228 0.999820743353579 0.017342812594338612 0.0707028493421996 -0.0548760159512935 -0.01773399751187786 0.9983356791207832 -1.4959503080335725 
20 288.0 512.0 256.0 256.0 0.0 0.0 0.9982436494115665 0.0071808898785646995 0.05880519730450942 -0.7002976302550976 -0.00822575271254552 0.9998122293879734 0.01754545407111518 0.07815096060614134 -0.05866816344306684 -0.017998355113773293 0.9981152768149621 -1.7312702285624109 
21 288.0 512.0 256.0 256.0 0.0 0.0 0.9980082212623937 0.007728538554908464 0.06260878520200036 -0.7549834166340859 -0.00885569357746242 0.9998033141210928 0.01774569704860201 0.08559907187008306 -0.06245932263423145 -0.01826479576354372 0.9978803687074822 -1.9665901490912487 
22 288.0 512.0 256.0 256.0 0.0 0.0 0.9977579988521921 0.008275165104443401 0.06641157556446324 -0.809669203013074 -0.009486387458780289 0.9997939977474385 0.017943537030806662 0.0930471831340248 -0.06624940889881285 -0.0185333135377416 0.9976309598793835 -2.201910069620087 
23 288.0 512.0 256.0 256.0 0.0 0.0 0.9974929879307121 0.008820757338544823 0.07021348352720311 -0.8643549893920622 -0.01011782027178568 0.9997842804794168 0.018138969629000475 0.10049529439796653 -0.07003833765872913 -0.018803902420201676 0.9973670560589831 -2.437229990148925 
24 288.0 512.0 256.0 256.0 0.0 0.0 0.9972131949076383 0.009365303115137908 0.07401442426758606 -0.9190407757710505 -0.010749977899222307 0.9997741625473215 0.018331990562079733 0.10794340566190827 -0.07382602439023027 -0.019076556302528417 0.9970886636214302 -2.672549910677763 
25 288.0 512.0 256.0 256.0 0.0 0.0 0.9969415628855033 0.008800549025134982 0.07765352875596832 -1.018302310513835 -0.010306445389057083 0.99976611255316 0.01901308427856174 0.11103687532289004 -0.07746804099007659 -0.019755265809335575 0.9967990931466328 -2.955388970720004 
26 288.0 512.0 256.0 256.0 0.0 0.0 0.9966563817006279 0.008233311154823508 0.08129126277052648 -1.117563845256619 -0.009865395296583902 0.9997573454181983 0.019695792900987573 0.11413034498387183 -0.08110937548175962 -0.020431908128814374 0.9964957633322685 -3.238228030762246 
27 288.0 512.0 256.0 256.0 0.0 0.0 0.9963576569361899 0.0076636013829740526 0.08492754958465437 -1.2168253799994035 -0.009426836997573474 0.9997478613045714 0.020380102088943936 0.11722381464485358 -0.08474995108454181 -0.02110646893199986 0.9961786801374415 -3.521067090804487 
28 288.0 512.0 256.0 256.0 0.0 0.0 0.9960453947465118 0.007091431692924379 0.0885623125307508 -1.3160869147421876 -0.008990779763028318 0.999737660404646 0.0210659974341718 0.12031728430583535 -0.08838969104766976 -0.02177893397731854 0.9958478501012554 -3.8039061508467285 
29 288.0 512.0 256.0 256.0 0.0 0.0 0.9957196018566431 0.006516814171720505 0.09219547500545965 -1.4153484494849722 -0.008557232758507966 0.9997267429410079 0.021753464461540938 0.12341075396681712 -0.09202851865561996 -0.022449289111552494 0.9955032803423705 -4.08674521088897 
30 288.0 512.0 256.0 256.0 0.0 0.0 0.9953802855618695 0.005939761009277513 0.09582696047524293 -1.5146099842277565 -0.008126205043503082 0.9997151091664456 0.0224424886301131 0.1265042236277989 -0.09566635723367986 -0.023117520270878475 0.9951449785584829 -4.369584270931211 
31 288.0 512.0 256.0 256.0 0.0 0.0 0.9948807558161814 0.005174692473169903 0.10092325928353303 -1.6383417185456866 -0.007541604852611998 0.9997050559027097 0.02308517703648286 0.1188033580589292 -0.10077403387207527 -0.02372812172016182 0.9946263470956124 -4.641239267684615 
32 288.0 512.0 256.0 256.0 0.0 0.0 0.9943546019329116 0.004406483114897157 0.10601654833740098 -1.7620734528636168 -0.006960292796580234 0.9996941535554859 0.0237308590481976 0.11110249249005953 -0.10587955392333417 -0.024334795120108874 0.994081152526007 -4.912894264438016 
33 288.0 512.0 256.0 256.0 0.0 0.0 0.9938018437121873 0.0036351640261860886 0.1111066200401006 -1.8858051871815467 -0.006382292748866395 0.9996824025168821 0.024379508554130867 0.10340162692118983 -0.11098270934474583 -0.0249375155253264 0.9935094154289117 -5.184549261191419 
34 288.0 512.0 256.0 256.0 0.0 0.0 0.99322250312199 0.002860766553735371 0.1161932670458426 -2.009536921499477 -0.005807628314495288 0.9996698032481497 0.02503109920009602 0.09570076135232014 -0.1160832922750821 -0.02553625831106437 0.9929111585464332 -5.456204257944822 
35 288.0 512.0 256.0 256.0 0.0 0.0 0.9926166042952568 0.002083322294957333 0.12127628228775608 -2.1332686558174068 -0.005236322826828437 0.999656356279622 0.025685604392370314 0.08799989578345045 -0.12118109506262684 -0.026130999176523107 0.9922864067805365 -5.727859254698224 
36 288.0 512.0 256.0 256.0 0.0 0.0 0.9919841735265145 0.0013028630936832144 0.12635545900623815 -2.257000390135337 -0.00466839934441551 0.9996420622106401 0.02634299730136541 0.08029903021458076 -0.12627591029360694 -0.026721714148194207 0.9916351871895749 -5.999514251451626 
37 288.0 512.0 256.0 256.0 0.0 0.0 0.9914884799328936 0.0015258126758120726 0.1301855063208051 -2.363770844542897 -0.004992382428018308 0.9996414782266804 0.026305724214858685 0.0786233625235165 -0.13009869437476484 -0.026731758349463657 0.9911406271652333 -6.214766158846779 
38 288.0 512.0 256.0 256.0 0.0 0.0 0.9909779411726356 0.001748725018066683 0.13401366374373683 -2.470541298950457 -0.005316223855114649 0.9996408214894671 0.026267199618235836 0.07694769483245223 -0.13391959480647517 -0.026742662034156706 0.9906312998054114 -6.4300180662419315 
39 288.0 512.0 256.0 256.0 0.0 0.0 0.9904525682065353 0.0019715951152218967 0.13783984527611073 -2.5773117533580177 -0.005639916351285982 0.9996400920112937 0.026227424334108823 0.07527202714138795 -0.13773852575293163 -0.02675442498639318 0.9901072160463315 -6.645269973637085 
40 288.0 512.0 256.0 256.0 0.0 0.0 0.9899123726616972 0.0021944179638019967 0.14166396500539247 -2.6840822077655773 -0.005963452648591766 0.999639289807719 0.026186399241317874 0.07359635945032368 -0.1415554014644334 -0.026767046951762026 0.9895683874870314 -6.860521881032237 
41 288.0 512.0 256.0 256.0 0.0 0.0 0.9893573668306951 0.0024171885624525193 0.1454859371116137 -2.7908526621731378 -0.006286825486104115 0.9996384148975672 0.026144125274814183 0.0719206917592594 -0.1453701362835508 -0.02678052763728629 0.9890148263885261 -7.075773788427389 
42 288.0 512.0 256.0 256.0 0.0 0.0 0.9887875636706169 0.0026399019123197224 0.14930567587409044 -2.897623116580698 -0.006610027610464167 0.9996374673029249 0.026100603425641054 0.07024502406819513 -0.14918264465183118 -0.026794866711499325 0.9884465456728545 -7.291025695822542 
43 288.0 512.0 256.0 256.0 0.0 0.0 0.9881757435632326 0.002194611215133594 0.15330976327298781 -2.9920702689798553 -0.006182885440314654 0.999654615072643 0.025542562353774917 0.07784015537966002 -0.1532007563977316 -0.026188437249651697 0.9878480115855552 -7.506374164536648 
44 288.0 512.0 256.0 256.0 0.0 0.0 0.9875474562825001 0.001751773671236257 0.15731164254090832 -3.0865174213790136 -0.0057534692636108525 0.9996712387027469 0.024986238251226013 0.08543528669112492 -0.15721615432692163 -0.025580183727235195 0.9872328676756479 -7.7217226332507565 
45 288.0 512.0 256.0 256.0 0.0 0.0 0.9869027172074832 0.0013114006576286133 0.16131121162755274 -3.180964573778171 -0.005321789934708904 0.9996873377496445 0.024431645358384952 0.09303041800258981 -0.1612287360253276 -0.02497012157243599 0.9866011289818594 -7.937071101964863 
46 288.0 512.0 256.0 256.0 0.0 0.0 0.986241542556107 0.0008735034261142232 0.16530836859717737 -3.275411726177329 -0.004887858423674097 0.9997029117964599 0.023878797827958258 0.10062554931405471 -0.16523839921920633 -0.024358266306183464 0.9859528113890518 -8.152419570678969 
47 288.0 512.0 256.0 256.0 0.0 0.0 0.9855639493838201 0.00043809310233575193 0.16930301163695505 -3.369858878576487 -0.004451685815338403 0.9997179604530703 0.023327709723712255 0.1082206806255196 -0.16924504178353578 -0.023744633540780328 0.9852879316269151 -8.367768039393077 
48 288.0 512.0 256.0 256.0 0.0 0.0 0.9848699555820991 5.180684832774111e-06 0.17329503906596605 -3.4643060309756444 -0.004013283308364662 0.9997324833561378 0.022778395019326138 0.11581581193698448 -0.17324856175103157 -0.023129238978621087 0.984606507268497 -8.583116508107183 
49 288.0 512.0 256.0 256.0 0.0 0.0 0.9837746925942519 -0.0007520982742021851 0.17940676843198058 -3.6156287687254265 -0.003370040909777317 0.9997373085305256 0.02267061438086923 0.1156241311458379 -0.1793766903342984 -0.02290738484256965 0.9835137287726703 -8.703622666004637 
50 288.0 512.0 256.0 256.0 0.0 0.0 0.9826408641633632 -0.0015080139418745695 0.1855118809407108 -3.7669515064752086 -0.002726112877416813 0.9997416199713078 0.022566825335517085 0.11543245035469135 -0.18549797946282037 -0.0226808110766627 0.9823828583724603 -8.824128823902093 
51 288.0 512.0 256.0 256.0 0.0 0.0 0.9814685335240407 -0.002262521773391193 0.19161001721548854 -3.91827424422499 -0.002081536994015719 0.9997454173798171 0.022467034334705333 0.11524076956354476 -0.19161206878961834 -0.02244953058037551 0.981213959170378 -8.944634981799545 
52 288.0 512.0 256.0 256.0 0.0 0.0 0.9802577684412658 -0.003015577385941804 0.19770081867180073 -4.069596981974772 -0.0014363511214219471 0.9997487005177802 0.022371247360500997 0.1150490887723982 -0.19771859878606973 -0.022213556807457225 0.9800070987436545 -9.065141139697001 
53 288.0 512.0 256.0 256.0 0.0 0.0 0.9790086411973715 -0.0037671365674011607 0.203783927587224 -4.220919719724554 -0.0007905931931778386 0.9997514692073682 0.022279469924362017 0.11485740798125162 -0.20381721081202955 -0.021972903763276253 0.9787623491312534 -9.185647297594455 
54 288.0 512.0 256.0 256.0 0.0 0.0 0.9777212285776179 -0.004517155284990004 0.20985898717187382 -4.372242457474336 -0.00014430120708651487 0.9997537233312277 0.0221917070661252 0.11466572719010504 -0.20990754718645788 -0.021727586002093395 0.9774797868194957 -9.30615345549191 
55 288.0 512.0 256.0 256.0 0.0 0.0 0.9760689253324115 -0.004271224829744178 0.21741943252338192 -4.5386950552955865 -0.0003499758470960038 0.9997749425605751 0.021211830305383903 0.1289096265326139 -0.21746110115890172 -0.020780299960581183 0.975847758933846 -9.273776026975458 
56 288.0 512.0 256.0 256.0 0.0 0.0 0.9743580791244247 -0.004017953241910631 0.22496708580724556 -4.705147653116838 -0.0005480777560335664 0.9997951960709598 0.020230312014487443 0.14315352587512273 -0.22500229611191108 -0.019834867410093607 0.9741563246107313 -9.241398598459007 
57 288.0 512.0 256.0 256.0 0.0 0.0 0.972588837967989 -0.003757362614655266 0.23250125695606305 -4.871600250938089 -0.0007385878318566478 0.9998144818832351 0.01924724147955217 0.15739742521763156 -0.23253044262629763 -0.018891374823965332 0.9724056299760755 -9.209021169942552 
58 288.0 512.0 256.0 256.0 0.0 0.0 0.9707613605460185 -0.0034894763787558843 0.2400212582779456 -5.03805284875934 -0.0009214883548715259 0.9998327981945105 0.01826270828070852 0.17164132456014042 -0.24004485357936337 -0.017949908332259755 0.9705958319819882 -9.176643741426101 
59 288.0 512.0 256.0 256.0 0.0 0.0 0.9688758161626309 -0.0032143192955725874 0.24752640466531572 -5.204505446580591 -0.0010967629932243019 0.9998501433787153 0.017276802264849445 0.18588522390264928 -0.24754484435351953 -0.017010553695518644 0.9687270983599243 -9.144266312909648 
60 288.0 512.0 256.0 256.0 0.0 0.0 0.9669323846908147 -0.0029319174494264067 0.25501601380345545 -5.370958044401842 -0.0012643968077619668 0.9998665159870771 0.016289613518334054 0.2001291232451581 -0.2550297330446921 -0.016073396278755748 0.9667996075688173 -9.111888884393197 
61 288.0 512.0 256.0 256.0 0.0 0.0 0.9649080704264591 -0.0033134162051392008 0.2625670141103003 -5.521377319193548 -0.0008205949258167406 0.999877454582451 0.015633375888967415 0.21493923554069716 -0.2625866376069332 -0.015300231722740176 0.9647871063915473 -9.085748034000218 
62 288.0 512.0 256.0 256.0 0.0 0.0 0.9628244585832603 -0.0036888808691769243 0.2701026732774705 -5.671796593985254 -0.00037164399876877564 0.9998877157538806 0.014980579602427622 0.22974934783623618 -0.2701276065759314 -0.014524050482544872 0.9627149776143458 -9.059607183607241 
63 288.0 512.0 256.0 256.0 0.0 0.0 0.9606817341689842 -0.004058275777215644 0.27762229022834617 -5.82221586877696 8.241504899897563e-05 0.9998972984553816 0.014331285685131527 0.2445594601317752 -0.27765193829987156 -0.013744924130209744 0.9605834051339953 -9.033466333214262 
64 288.0 512.0 256.0 256.0 0.0 0.0 0.9584800931795688 -0.004421566386464218 0.28512516677594263 -5.972635143568665 0.000541540340485627 0.9999062017666964 0.013685554521387318 0.25936957242731423 -0.2851589341268806 -0.012962924792975075 0.9583925838967383 -9.007325482821283 
65 288.0 512.0 256.0 256.0 0.0 0.0 0.9562197425394476 -0.004778719286424077 0.2926106078384699 -6.12305441836037 0.0010056890589476089 0.9999144248935881 0.013043445834644417 0.2741796847228533 -0.29264789862073837 -0.012178125130994026 0.9561427198389288 -8.981184632428306 
66 288.0 512.0 256.0 256.0 0.0 0.0 0.9539009000366466 -0.005129702209140086 0.3000779216545614 -6.273473693152076 0.0014748174612100888 0.9999219671680761 0.01240501866910718 0.28898979701839234 -0.3001181397762082 -0.011390598314852961 0.9538340298224309 -8.955043782035327 
67 288.0 512.0 256.0 256.0 0.0 0.0 0.9513233171576381 -0.006281357058262667 0.30813063915407674 -6.413474374120683 0.002653916251475947 0.9999221763635515 0.01219007567279422 0.30511451409651996 -0.30818322952510474 -0.010778950314613728 0.9512659519132369 -8.957741710484342 
68 288.0 512.0 256.0 256.0 0.0 0.0 0.9486760950738319 -0.0074278746411974095 0.3161621313718253 -6.55347505508929 0.003834875280599763 0.9999208225243518 0.011985091314037842 0.3212392311746476 -0.31622612220821184 -0.010157527284641516 0.948629466268265 -8.960439638933357 
69 288.0 512.0 256.0 256.0 0.0 0.0 0.9459595127949062 -0.008569128308544782 0.3241715135428146 -6.693475736057897 0.0050175652717574844 0.9999179055417692 0.011790089724211809 0.3373639482527752 -0.32424593164965254 -0.009526395802873618 0.9459248509218052 -8.963137567382372 
70 288.0 512.0 256.0 256.0 0.0 0.0 0.9431738645923493 -0.009704992547552098 0.33215790562525727 -6.833476417026503 0.006201856549355506 0.9999134256501115 0.011605092847528175 0.35348866533090284 -0.33224177661011656 -0.008885624587528533 0.9431523988997831 -8.965835495831385 
71 288.0 512.0 256.0 256.0 0.0 0.0 0.9403194598933231 -0.010835343028110922 0.3401204326222603 -6.97347709799511 0.007387619086417463 0.999907383426648 0.011430120432786836 0.36961338240903047 -0.3402127811090059 -0.008235284472146592 0.9403124181140541 -8.9685334242804 
72 288.0 512.0 256.0 256.0 0.0 0.0 0.9373966231659959 -0.011960056648139908 0.34805822490204286 -7.113477778963716 0.008574722552183877 0.9998997797913662 0.01126519002637674 0.3857380994871581 -0.348158074744994 -0.007575448379508179 0.9374052312483159 -8.971231352729415 
