0 288.0 512.0 256.0 256.0 0.0 0.0 0.9998397690303444 -0.0021821700262875847 0.01776722823976366 -0.0002301739496921584 0.0021008853277974995 0.9999872481763971 0.004592359462881078 -0.0012333954396481772 -0.01777702298437307 -0.004554296715546786 0.9998316037389695 -0.005307800227850378 
1 288.0 512.0 256.0 256.0 0.0 0.0 0.9997105001978015 -0.002607423889440328 0.023918970189393228 -0.11855768061040811 0.0024706823132796592 0.9999804472330304 0.005744639286795712 0.006050038808318621 -0.023933481217055595 -0.005683880038259565 0.9996973952074409 -0.086033747419265 
2 288.0 512.0 256.0 256.0 0.0 0.0 0.9995431869466659 -0.00303963662602358 0.030069553333605413 -0.23688518727112406 0.002833390231012967 0.9999721860098376 0.0068992105711744205 0.01333347305628542 -0.030089688072487637 -0.006810860143061269 0.9995239981390193 -0.16675969461067963 
3 288.0 512.0 256.0 256.0 0.0 0.0 0.9993378357852402 -0.0034787833369887213 0.036218614476039794 -0.35521269393184 0.0031889870411386683 0.9999624648652029 0.008056005359923095 0.020616907304252217 -0.03624528010267212 -0.00793517026924751 0.9993114192998468 -0.24748564180209426 
4 288.0 512.0 256.0 256.0 0.0 0.0 0.9990944577133574 -0.003924838302658815 0.04236579057148188 -0.47354020059255597 0.0035374515416538525 0.9999512843299069 0.009214955429085648 0.027900341552219016 -0.0423998939036306 -0.009056743966104295 0.999059670082668 -0.3282115889935089 
5 288.0 512.0 256.0 256.0 0.0 0.0 0.9988130682204373 -0.004377774987744778 0.04851071879727223 -0.591867707253272 0.0038787633726204253 0.9999386451070307 0.010375992300246207 0.035183775800185814 -0.04855316618687769 -0.010175515105989796 0.9987687665048163 -0.4089375361849235 
6 288.0 512.0 256.0 256.0 0.0 0.0 0.9984936872822149 -0.004837566046616352 0.05465303662479483 -0.7101952139139879 0.004212903020138196 0.9999245480718093 0.011539047254038745 0.04246721004815261 -0.054704733851006444 -0.011291417897352541 0.998438729204831 -0.48966348337633814 
7 288.0 512.0 256.0 256.0 0.0 0.0 0.9981835966579358 -0.005258129138623983 0.06001549334114994 -0.8245851578489131 0.004544219444077283 0.9999173626909369 0.012025716562642789 0.05555483170984134 -0.060073766592949114 -0.011731149439100353 0.9981250035442284 -0.604763421079432 
8 288.0 512.0 256.0 256.0 0.0 0.0 0.9978445181043778 -0.0056810598516207535 0.06537616727826458 -0.9389751017838381 0.004872922556142228 0.9999098210197593 0.012514170128069558 0.06864245337153006 -0.06544136547165845 -0.012168623060754695 0.9977822168679903 -0.7198633587825259 
9 288.0 512.0 256.0 256.0 0.0 0.0 0.9974764645907369 -0.006106339785487769 0.07073482312113603 -1.0533650457187633 0.005198997762611304 0.9999019233657166 0.013004386637003776 0.08173007503321879 -0.07080729489126524 -0.012603819419703257 0.9974103823031955 -0.8349632964856197 
10 288.0 512.0 256.0 256.0 0.0 0.0 0.9970794516294772 -0.00653395033289856 0.0760912257181902 -1.1677549896536885 0.0055224306995125625 0.9998936700675033 0.013496344620210592 0.09481769669490751 -0.07617131938872031 -0.01303671937205143 0.9970095155265991 -0.9500632341887136 
11 288.0 512.0 256.0 256.0 0.0 0.0 0.9966534972741583 -0.006963872682023034 0.0814451401155678 -1.2821449335886135 0.005843207234724447 0.9998850614950211 0.013990022455646548 0.10790531835659624 -0.08153320366812505 -0.013467303975406663 0.996579634762437 -1.0651631718918075 
12 288.0 512.0 256.0 256.0 0.0 0.0 0.9961986221166949 -0.0073960878193007834 0.08679633159165022 -1.3965348775235387 0.006161313470046317 0.9998760980493224 0.014485398371656145 0.12099294001828496 -0.08689271263530866 -0.013895554491669028 0.996120760779659 -1.1802631095949014 
13 288.0 512.0 256.0 256.0 0.0 0.0 0.9957828595016892 -0.007792851037263883 0.09140989112417341 -1.525064196223938 0.006518667207662329 0.9998775062865444 0.014229525643418173 0.12769503237364507 -0.09150958256083333 -0.013573647074827118 0.9957116813639443 -1.2156637339125733 
14 288.0 512.0 256.0 256.0 0.0 0.0 0.9953455630350351 -0.00818812621375028 0.09602168888099255 -1.6535935149243373 0.006877210130869082 0.999878690067019 0.013975304314304037 0.13439712472900517 -0.09612447205195099 -0.013249895809749933 0.9952811291960406 -1.2510643582302452 
15 288.0 512.0 256.0 256.0 0.0 0.0 0.9948867458987132 -0.008581900410509357 0.1006315746691513 -1.7821228336247366 0.007236930627704839 0.9998796493412581 0.013722742739415114 0.14109921708436526 -0.10073723080439854 -0.01292431114398295 0.9948291172413954 -1.2864649825479169 
16 288.0 512.0 256.0 256.0 0.0 0.0 0.9944064226761891 -0.008974160786452341 0.10523939841381137 -1.9106521523251359 0.007597817009060334 0.999880384074385 0.01347184916620015 0.14780130943972536 -0.10534770864626745 -0.012596903644900808 0.9943556598629686 -1.3218656068655887 
17 288.0 512.0 256.0 256.0 0.0 0.0 0.9939046093508765 -0.009364894599033287 0.10984501017436406 -2.039181471025535 0.00795985750993252 0.99988089424614 0.013222631733528573 0.15450340179508545 -0.10995575555412603 -0.012267683998536283 0.9938607728197189 -1.3572662311832606 
18 288.0 512.0 256.0 256.0 0.0 0.0 0.9933813233043522 -0.00975408920564835 0.11444826016092259 -2.1677107897259345 0.008323040290719667 0.9998811798508817 0.012975098470836426 0.16120549415044555 -0.11456122166952055 -0.011936663008441642 0.9933444732648438 -1.3926668555009325 
19 288.0 512.0 256.0 256.0 0.0 0.0 0.9927189744989081 -0.00975078964620211 0.12005815162279723 -2.289515176679712 0.008320933271702092 0.9998884294886825 0.012405266790496899 0.1830745755205359 -0.12016571782041222 -0.011315947858268074 0.9926893520053214 -1.5251144527245275 
20 288.0 512.0 256.0 256.0 0.0 0.0 0.9920249568267417 -0.009743983307672443 0.12566439361318327 -2.41131956363349 0.0083220424661133 0.9998953278666972 0.011835409563759922 0.20494365689062624 -0.12576656408625253 -0.010695237241386175 0.9920022093010967 -1.6575620499481225 
21 288.0 512.0 256.0 256.0 0.0 0.0 0.9912993015464961 -0.00973367026479633 0.13126671480832586 -2.533123950587267 0.00832636805356101 0.9999018746259181 0.011265554341043892 0.22681273826071657 -0.13136348940413684 -0.010074561169132575 0.9912830760528416 -1.7900096471717173 
22 288.0 512.0 256.0 256.0 0.0 0.0 0.9905420429781149 -0.009719850931426988 0.1368648442463421 -2.6549283375410444 0.008333909902661864 0.9999080694413153 0.01069572867437545 0.2486818196308069 -0.13695622307306432 -0.009453949651462113 0.9905319862566331 -1.922457244395312 
23 288.0 512.0 256.0 256.0 0.0 0.0 0.9897532184974477 -0.009702526060461292 0.14245851137067442 -2.776732724494822 0.008344667571033408 0.9999139120218901 0.010125960112923278 0.2705509010008973 -0.14254449479734896 -0.008833432692087449 0.9897489769986135 -2.054904841618907 
24 288.0 512.0 256.0 256.0 0.0 0.0 0.9889328685300823 -0.009681696743724167 0.14804744607397152 -2.8985371114485994 0.00835864030539463 0.9999194021107208 0.009556276198577705 0.2924199823709876 -0.1481280347304587 -0.008213040283660565 0.9889340884488668 -2.187352438842502 
25 288.0 512.0 256.0 256.0 0.0 0.0 0.9881465102847692 -0.010467933839697238 0.1531564447651905 -3.0918810064192543 0.00915241399295854 0.9999149431476054 0.00929192058845116 0.30614795930123884 -0.15324068497003865 -0.007780027715137477 0.9881582685170517 -2.349708946309548 
26 288.0 512.0 256.0 256.0 0.0 0.0 0.987333089532733 -0.011251937374087959 0.15826169536254578 -3.285224901389909 0.009947560295268085 0.9999097334819074 0.009031662765663034 0.3198759362314901 -0.15834903333418124 -0.007342941744986181 0.9873558957380107 -2.512065453776594 
27 288.0 512.0 256.0 256.0 0.0 0.0 0.9864926381368075 -0.012033674885137612 0.16336298715004702 -3.4785687963605634 0.010744046514181113 0.9999037732819895 0.008775513713760593 0.3336039131617413 -0.1634528689449308 -0.006901800141853996 0.9865270015506009 -2.67442196124364 
28 288.0 512.0 256.0 256.0 0.0 0.0 0.9856251901904287 -0.012813114096172418 0.1684601097268493 -3.6719126913312174 0.011541839839288897 0.9998970627781111 0.008523484078116051 0.34733189009199256 -0.1685519812851449 -0.0064566210097977625 0.9856716195822677 -2.836778468710686 
29 288.0 512.0 256.0 256.0 0.0 0.0 0.9847307820130476 -0.01359022292002618 0.17355285303588217 -3.8652565863018724 0.012340907352404548 0.9998896022623979 0.008275584164432918 0.3610598670222438 -0.17364616022714088 -0.006007422785790981 0.9847897856445212 -2.999134976177732 
30 288.0 512.0 256.0 256.0 0.0 0.0 0.9838094521450308 -0.014364969463471959 0.1786410073930615 -4.058600481272527 0.01314121603211667 0.9998813920888 0.008031823937357487 0.37478784395249504 -0.17873519606191607 -0.0055542242371898415 0.9838815377279073 -3.161491483644778 
31 288.0 512.0 256.0 256.0 0.0 0.0 0.9827093399414942 -0.015077947612316117 0.1845399921087127 -4.268996266042706 0.013843816131029854 0.9998723715646775 0.007974292229238577 0.3710597655926609 -0.18463667551874335 -0.005281673733515526 0.9827926546204393 -3.2565050925118326 
32 288.0 512.0 256.0 256.0 0.0 0.0 0.9815732925154361 -0.015789296053775964 0.19043258531684792 -4.4793920508128835 0.014546767352949675 0.9998628154503116 0.007920974646769786 0.3673316872328268 -0.19053152752211772 -0.005004838648930353 0.9816683190416778 -3.351518701378887 
33 288.0 512.0 256.0 256.0 0.0 0.0 0.9804013692033698 -0.016498975648908003 0.19631846338695735 -4.689787835583061 0.01525003118229422 0.9998527242256349 0.007871874460066253 0.3636036088729926 -0.19641942829826797 -0.004723733810528511 0.980508589725654 -3.4465323102459413 
34 288.0 512.0 256.0 256.0 0.0 0.0 0.9791936332803934 -0.017206947438947753 0.20219730340163422 -4.900183620353239 0.015953569066410357 0.9998420984292968 0.007826994477003437 0.35987553051315846 -0.2023000548124061 -0.0044383745147358895 0.9793135292920657 -3.5415459191129957 
35 288.0 512.0 256.0 256.0 0.0 0.0 0.9779501519488374 -0.01791317265240968 0.20806878321526925 -5.110579405123418 0.016657342422591946 0.9998309386585683 0.007786337042666729 0.3561474521533244 -0.2081730848274442 -0.004148776524524722 0.9780832042350424 -3.63655952798005 
36 288.0 512.0 256.0 256.0 0.0 0.0 0.9766709963257565 -0.018617612712201692 0.21393258151331837 -5.320975189893596 0.01736131264516729 0.9998192455692297 0.00774990403895953 0.3524193737934902 -0.2140381969632778 -0.0038549560665191514 0.9768176849107689 -3.731573136847105 
37 288.0 512.0 256.0 256.0 0.0 0.0 0.9756018699558544 -0.018412771267553033 0.21877376714951774 -5.474029651516234 0.017284968107793102 0.9998256207678773 0.0070680926451699684 0.35896611297457603 -0.2188657607211672 -0.0031141468136399652 0.9757500094150504 -3.8242654869873407 
38 288.0 512.0 256.0 256.0 0.0 0.0 0.974508781756283 -0.01820425345863988 0.22360956919549968 -5.627084113138872 0.017211994009115418 0.9998314696325025 0.006385890285601101 0.3655128521556618 -0.2236881345579455 -0.0023743395972685667 0.9746578789346352 -3.9169578371275766 
39 288.0 512.0 256.0 256.0 0.0 0.0 0.9733917714421806 -0.017992066911899827 0.22843980567489744 -5.7801385747615095 0.017142393280539958 0.999836791913714 0.005703322567346033 0.3720595913367476 -0.22850513701263367 -0.0016355622671177703 0.9735413331208912 -4.0096501872678125 
40 288.0 512.0 256.0 256.0 0.0 0.0 0.9722508805280408 -0.01777621952984402 0.23326429502083085 -5.9331930363841465 0.017076168600192454 0.999841587401673 0.005020415126247631 0.37860633051783343 -0.2333165870191749 -0.0008978425969215693 0.9724004134615969 -4.102342537408048 
41 288.0 512.0 256.0 256.0 0.0 0.0 0.9710861523226159 -0.01755671949003898 0.23808285609822863 -6.086247498006785 0.017013322392540636 0.9998458559261211 0.004337193623673704 0.3851530696989192 -0.2381223039286938 -0.00016120828094710578 0.9712351632758495 -4.195034887548284 
42 288.0 512.0 256.0 256.0 0.0 0.0 0.9698976319233779 -0.017333575244108668 0.2428953082269821 -6.239301959629423 0.016953856828132465 0.9998495973563999 0.0036536837433101795 0.39169980888000505 -0.24292210753258953 0.0005743130694718746 0.9700456277085234 -4.28772723768852 
43 288.0 512.0 256.0 256.0 0.0 0.0 0.9686531236586664 -0.017790253777758256 0.2477794036975346 -6.421602265378528 0.017537943343646768 0.9998409953280729 0.003225616939880104 0.40982543230336393 -0.24779739015868973 0.0012210372192376629 0.9688111077493521 -4.325893576273419 
44 288.0 512.0 256.0 256.0 0.0 0.0 0.9673837587996406 -0.01824367482591153 0.2526575380616908 -6.603902571127633 0.018124185324665098 0.9998318214479175 0.0028004868248412912 0.4279510557267228 -0.25266613765375356 0.0018700665724292115 0.967551717343326 -4.364059914858318 
45 288.0 512.0 256.0 256.0 0.0 0.0 0.9660895852600325 -0.018693820565677262 0.2575295212681857 -6.786202876876738 0.0187125600988495 0.9998220760393343 0.0023783101021397127 0.44607667915008165 -0.2575281602980722 0.0025213760237727634 0.9662675040154782 -4.402226253443217 
46 288.0 512.0 256.0 256.0 0.0 0.0 0.9647706528855283 -0.019140673428016355 0.2623951637348 -6.968503182625842 0.0193030448268394 0.9998117594701916 0.001959103246890584 0.46420230257344053 -0.2623832688856199 0.003174940289356189 0.9649585172238833 -4.4403925920281155 
47 288.0 512.0 256.0 256.0 0.0 0.0 0.9634270134474289 -0.01958421609999287 0.2672542763724654 -7.1508034883749465 0.019895616505172853 0.99980087215278 0.001542882503228073 0.4823279259967994 -0.2672312747481111 0.0038307339098994815 0.9636248083533682 -4.478558930613015 
48 288.0 512.0 256.0 256.0 0.0 0.0 0.9620587206358017 -0.020024431527049816 0.27210667061030147 -7.333103794124051 0.020490251969314525 0.9997894145437565 0.001129663882209454 0.5004535494201583 -0.27207198977998187 0.004488731254069448 0.962266430708715 -4.516725269197914 
49 288.0 512.0 256.0 256.0 0.0 0.0 0.9609454787648091 -0.02034142153007193 0.2759891545178029 -7.533765199611086 0.02079896079590577 0.999782872368904 0.0012693886692135645 0.5006964197948968 -0.2759550508164802 0.00452047430244649 0.9611599113783301 -4.489470297186622 
50 288.0 512.0 256.0 256.0 0.0 0.0 0.9598164462034406 -0.02065828377763734 0.2798671558232576 -7.734426605098121 0.021107105728132607 0.9997762254470477 0.0014103611716906122 0.5009392901696352 -0.27983366431689094 0.0045534978001297854 0.9600377002871324 -4.46221532517533 
51 288.0 512.0 256.0 256.0 0.0 0.0 0.9586716501711897 -0.020975010462179866 0.28374057886385257 -7.9350880105851544 0.021414679156983835 0.9997694739380011 0.001552577964245356 0.5011821605443737 -0.2837077346046211 0.00458780098119603 0.9588998244902887 -4.434960353164038 
52 288.0 512.0 256.0 256.0 0.0 0.0 0.9575111186647223 -0.021291593782593578 0.287609328199659 -8.135749416072189 0.02172167350138611 0.9997626180067332 0.0016960355600907312 0.5014250309191122 -0.2875771662242351 0.00462338301668101 0.9577463118152691 -4.407705381152746 
53 288.0 512.0 256.0 256.0 0.0 0.0 0.9563348804556712 -0.021608025944833156 0.2914733086209266 -8.336410821559223 0.022028081208785796 0.9997556578233558 0.0018407304113305287 0.5016679012938506 -0.2914418639487498 0.004660243014637359 0.9565771908596552 -4.380450409141454 
54 288.0 512.0 256.0 256.0 0.0 0.0 0.9551429650881688 -0.02192429916259736 0.2953324251564839 -8.537072227046258 0.02233389475581296 0.999748593563109 0.0019866589092558426 0.5019107716685891 -0.29530173278803745 0.004698380020218467 0.9553924909886868 -4.353195437130162 
55 288.0 512.0 256.0 256.0 0.0 0.0 0.9540956112575496 -0.02155750303170726 0.2987253565433258 -8.664607772246427 0.022058260792379117 0.9997552489804219 0.0016956612011101173 0.500992513698805 -0.29868879742922166 0.004971538909783581 0.9543376164078262 -4.364945794309381 
56 288.0 512.0 256.0 256.0 0.0 0.0 0.9530361211421343 -0.021189731779638933 0.3021144602055224 -8.792143317446598 0.021783655112861552 0.9997617226355946 0.0014036818126849286 0.500074255729021 -0.30207221680931057 0.005243397735659729 0.9532706240160281 -4.3766961514886 
57 288.0 512.0 256.0 256.0 0.0 0.0 0.9519645147072202 -0.02082099242980695 0.30549967105103804 -8.919678862646768 0.02151008301197227 0.9997680143992768 0.001110726314042263 0.49915599775923686 -0.30545192595050463 0.005513951247931514 0.9521915339229664 -4.388446508667819 
58 288.0 512.0 256.0 256.0 0.0 0.0 0.9508808123831514 -0.020451292042972954 0.3088809241360408 -9.047214407846937 0.02123754974496845 0.9997741241490891 0.0008168003128214709 0.49823773978945274 -0.3088278600162096 0.005783194246613698 0.9511003667026519 -4.400196865847038 
59 288.0 512.0 256.0 256.0 0.0 0.0 0.9497850350641094 -0.020080637716751257 0.31225815466846696 -9.174749953047108 0.020966060527271447 0.9997800517696319 0.0005219094538775077 0.49731948181966873 -0.3121999543145938 0.006051121581974975 0.9499971433922134 -4.411947223026257 
60 288.0 512.0 256.0 256.0 0.0 0.0 0.9486772041066683 -0.01970903658519403 0.31563129801278933 -9.302285498247278 0.020695620534175438 0.9997857971524923 0.00022605941892002768 0.4964012238498846 -0.3155681443033504 0.006317728154878899 0.9488818854904444 -4.423697580205475 
61 288.0 512.0 256.0 256.0 0.0 0.0 0.9474861137359092 -0.019688862383991555 0.31919024573980653 -9.417389481441282 0.02066225771439586 0.9997864560856546 0.00033665090290970227 0.5113549984409459 -0.31912871287860906 0.006276219061726852 0.9476906001910762 -4.433347637939629 
62 288.0 512.0 256.0 256.0 0.0 0.0 0.9462816519201503 -0.019668843830592683 0.32274474716317914 -9.532493464635284 0.020628479412281304 0.9997871103003368 0.0004471179244675992 0.5263087730320071 -0.32268483242351775 0.006234633884122628 0.9464859366434999 -4.442997695673782 
63 288.0 512.0 256.0 256.0 0.0 0.0 0.9450638437082142 -0.019648981353263737 0.3262947269678372 -9.647597447829286 0.02059428632898003 0.9997877597825537 0.0005574581434015925 0.5412625476230682 -0.3262364275886988 0.006192973499115946 0.9452679199005878 -4.452647753407934 
64 288.0 512.0 256.0 256.0 0.0 0.0 0.9438327147140451 -0.019629275373720907 0.32984011002847125 -9.762701431023288 0.020559679183245614 0.9997884045185198 0.000667669224817443 0.5562163222141294 -0.3297834232146507 0.006151238786974971 0.9440365755806225 -4.462297811142087 
65 288.0 512.0 256.0 256.0 0.0 0.0 0.9425882911150157 -0.019609726307061003 0.33338082141420017 -9.877805414217292 0.02052465871134524 0.9997890444946499 0.0007777488392830371 0.5711700968051907 -0.33332574433641854 0.0061094306311116845 0.9427919298656026 -4.47194786887624 
66 288.0 512.0 256.0 256.0 0.0 0.0 0.9413305996499555 -0.01959033456177151 0.3369167863945236 -9.992909397411294 0.020489225667048448 0.9997896796975602 0.0008876946629942774 0.5861238713962519 -0.3368633161895488 0.006067549918031685 0.9415340094992705 -4.481597926610394 
67 288.0 512.0 256.0 256.0 0.0 0.0 0.9400328423285305 -0.019980374874375005 0.3404982231427702 -10.109229751584813 0.02080292120699266 0.9997828327100037 0.0012352682363042321 0.5996444096450702 -0.3404489591888334 0.005922164995963149 0.9402443481078531 -4.519314149569286 
68 288.0 512.0 256.0 256.0 0.0 0.0 0.9387212954664587 -0.020370968705376753 0.34407463299629193 -10.22555010575833 0.021115291579067205 0.9997757925070466 0.0015840386475328497 0.6131649478938883 -0.3440297572871559 0.0057782653894109925 0.9389409660621832 -4.557030372528179 
69 288.0 512.0 256.0 256.0 0.0 0.0 0.9373959875514445 -0.02076210745318418 0.34764593686149153 -10.341870459931847 0.02142632984577334 0.9997685592376614 0.0019339982394069148 0.6266854861427066 -0.3476056313001011 0.005635854323200748 0.9376238916720586 -4.594746595487072 
70 288.0 512.0 256.0 256.0 0.0 0.0 0.9360569476792867 -0.021153782491939648 0.3512120558684811 -10.458190814105365 0.02173602912824443 0.9997611330593452 0.0022851393019426474 0.6402060243915249 -0.35117650225893177 0.005494934956565063 0.9362931538523342 -4.632462818445964 
71 288.0 512.0 256.0 256.0 0.0 0.0 0.9347042055518665 -0.02154598517211552 0.3547729113762153 -10.574511168278883 0.022044382606712133 0.9997535141381103 0.002637454073010125 0.653726562640343 -0.3547422914157287 0.005355510382897987 0.9349487821209228 -4.6701790414048565 
72 288.0 512.0 256.0 256.0 0.0 0.0 0.9333377914748182 -0.021938706821194604 0.3583284249789882 -10.6908315224524 0.02235138352105164 0.9997457026484697 0.0029909347389112007 0.6672471008891613 -0.3583029202498963 0.005217583629539053 0.9335908065964795 -4.707895264363749 
